{"true_labels": [6, 9, 3, 7, 2, 1, 5, 2, 5, 2, 1, 9, 4, 0, 4, 2, 3, 7, 8, 8, 4, 3, 9, 7, 5, 6, 3, 5, 6, 3, 4, 9, 1, 4, 4, 6, 9, 4, 7, 6, 6, 9, 1, 3, 6, 1, 3, 0, 6, 5, 5, 1, 9, 5, 6, 0, 9, 0, 0, 1, 0, 4, 5, 2, 4, 5, 7, 0, 7, 5, 9, 5, 5, 4, 7, 0, 4, 5, 5, 9, 9, 0, 2, 3, 8, 0, 6, 4, 4, 9, 1, 2, 8, 3, 5, 2, 9, 0, 4, 4, 4, 3, 5, 3, 1, 3, 5, 9, 4, 2, 7, 7, 4, 4, 1, 9, 2, 7, 8, 7, 2, 6, 9, 4, 0, 7, 2, 7, 5, 8, 7, 5, 7, 7, 0, 6, 6, 4, 2, 8, 0, 9, 4, 6, 9, 9, 6, 9, 0, 3, 5, 6, 6, 0, 6, 4, 3, 9, 3, 9, 7, 2, 9, 0, 4, 5, 3, 6, 5, 9, 9, 8, 4, 2, 1, 3, 7, 7, 2, 2, 3, 9, 8, 0, 3, 2, 2, 5, 6, 9, 9, 4, 1, 5, 4, 2, 3, 6, 4, 8, 5, 9, 5, 7, 8, 9, 4, 8, 1, 5, 4, 4, 9, 6, 1, 8, 6, 0, 4, 5, 2, 7, 4, 6, 4, 5, 6, 0, 3, 2, 3, 6, 7, 1, 5, 1, 4, 7, 6, 8, 8, 5, 5, 1, 6, 2, 8, 8, 9, 9, 7, 6, 2, 2, 2, 3, 4, 8, 8, 3, 6, 0, 9, 7, 7, 0, 1, 0, 4, 5, 1, 5, 3, 6, 0, 4, 1, 0, 0, 3, 6, 5, 9, 7, 3, 5, 5, 9, 9, 8, 5, 3, 3, 2, 0, 5, 8, 3, 4, 0, 2, 4, 6, 4, 3, 4, 5, 0, 5, 2, 1, 3, 1, 4, 1, 1, 7, 0, 1, 5, 2, 1, 2, 8, 7, 0, 6, 4, 8, 8, 5, 1, 8, 4, 5, 8, 7, 9, 8, 5, 0, 6, 2, 0, 7, 9, 8, 9, 5, 2, 7, 7, 1, 8, 7, 4, 3, 8, 3, 5, 6, 0, 0, 3, 0, 5, 0, 0, 4, 1, 2, 8, 4, 5, 9, 6, 3, 1, 8, 8, 4, 2, 3, 8, 9, 8, 8, 5, 0, 6, 3, 3, 7, 1, 6, 4, 1, 2, 1, 1, 6, 4, 7, 4, 8, 3, 4, 0, 5, 1, 9, 4, 5, 7, 6, 3, 7, 0, 5, 9, 7, 5, 9, 7, 4, 2, 1, 9, 0, 7, 5, 3, 3, 6, 3, 9, 6, 9, 5, 0, 1, 5, 5, 8, 3, 3, 6, 2, 6, 5, 5, 2, 0, 8, 7, 3, 7, 0, 2, 2, 3, 5, 8, 7, 3, 6, 5, 9, 9, 2, 5, 6, 3, 0, 7, 1, 1, 9, 6, 1, 1, 0, 0, 2, 9, 3, 9, 9, 3, 7, 7, 1, 3, 5, 4, 6, 1, 2, 1, 1, 8, 7, 6, 9, 2, 0, 4, 4, 8, 8, 7, 1, 3, 1, 7, 1, 9, 5, 1, 7, 0, 0, 2, 2, 6, 9, 4, 1, 9, 0, 6, 7, 7, 9, 5, 4, 7, 0, 7, 6, 8, 7, 1, 4, 6, 2, 8, 7, 5, 9, 0, 3, 9, 6, 6, 1, 9, 8, 2, 9, 8, 9, 7, 4, 8, 5, 5, 9, 7, 7, 6, 8, 1, 3, 5, 7, 9, 5, 5, 2, 1, 1, 2, 2, 4, 8, 7, 5, 8, 8, 9, 4, 9, 0, 1, 1, 8, 9, 3, 4, 2, 9, 1, 7, 3, 3, 3, 1, 7, 6, 3, 0, 6, 5, 2, 3, 5, 7, 8, 0, 9, 5, 2, 2, 1, 4, 1, 8, 2, 4, 1, 6, 2, 0, 8, 1, 0, 6, 9, 7, 7, 8, 2, 3, 2, 6, 9, 5, 7, 1, 4, 8, 1, 2, 9, 3, 4, 8, 4, 0, 3, 5, 1, 8, 1, 5, 0, 3, 0, 2, 4, 1, 1, 0, 3, 9, 2, 6, 0, 4, 6, 6, 5, 4, 0, 3, 8, 6, 6, 4, 1, 5, 7, 4, 0, 5, 4, 8, 9, 7, 0, 4, 7, 6, 3, 3, 4, 8, 8, 1, 6, 5, 9, 3, 2, 2, 1, 8, 2, 7, 6, 0, 4, 3, 0, 8, 2, 6, 2, 1, 6, 3, 8, 2, 6, 7, 5, 5, 6, 9, 1, 8, 9, 4, 6, 4, 6, 1, 4, 0, 2, 9, 8, 6, 0, 6, 5, 6, 9, 0, 3, 5, 6, 7, 4, 3, 0, 9, 2, 0, 8, 1, 2, 7, 0, 7, 0, 7, 3, 6, 3, 4, 9, 2, 4, 3, 4, 9, 6, 6, 2, 7, 8, 5, 3, 3, 3, 5, 1, 9, 6, 5, 8, 2, 0, 7, 3, 9, 6, 7, 2, 1, 0, 1, 4, 3, 2, 2, 5, 3, 3, 3, 3, 8, 0, 7, 6, 5, 7, 9, 4, 9, 6, 8, 4, 6, 7, 1, 8, 6, 8, 3, 6, 0, 2, 8, 3, 6, 1, 1, 5, 2, 8, 5, 9, 6, 1, 6, 3, 5, 1, 5, 4, 8, 9, 0, 1, 7, 1, 2, 9, 8, 3, 1, 4, 3, 5, 6, 6, 7, 3, 4, 7, 7, 4, 0, 5, 6, 6, 1, 8, 6, 2, 9, 8, 1, 8, 5, 2], "classes": [0, 1, 2, 3, 4, 5, 6, 7, 8, 9], "classifiers": [{"name": "Random Forest", "predictions": [6, 9, 3, 7, 2, 2, 5, 2, 5, 2, 1, 4, 4, 0, 4, 2, 3, 7, 8, 8, 4, 3, 9, 7, 5, 6, 3, 5, 6, 3, 4, 9, 1, 4, 4, 6, 9, 4, 7, 6, 6, 9, 1, 3, 6, 1, 3, 0, 6, 5, 5, 1, 9, 5, 6, 0, 3, 0, 0, 1, 0, 4, 5, 2, 4, 5, 7, 0, 7, 5, 9, 9, 5, 4, 7, 0, 4, 5, 9, 9, 9, 0, 2, 3, 8, 0, 6, 4, 4, 9, 1, 2, 8, 3, 9, 2, 9, 4, 4, 7, 4, 3, 5, 3, 1, 3, 5, 9, 4, 2, 7, 7, 4, 4, 1, 9, 2, 7, 8, 7, 2, 6, 9, 4, 0, 7, 2, 7, 5, 8, 7, 5, 7, 8, 0, 6, 6, 4, 2, 8, 0, 9, 4, 6, 9, 9, 6, 9, 0, 1, 5, 6, 6, 0, 6, 4, 2, 9, 3, 8, 7, 2, 9, 0, 4, 5, 8, 6, 5, 7, 9, 8, 4, 2, 1, 3, 7, 7, 2, 2, 3, 9, 8, 0, 3, 2, 2, 5, 6, 9, 9, 4, 1, 5, 4, 2, 3, 6, 4, 8, 5, 9, 5, 7, 2, 9, 4, 8, 1, 5, 4, 4, 9, 6, 1, 8, 6, 0, 4, 5, 2, 7, 4, 6, 4, 5, 6, 0, 3, 2, 3, 6, 7, 1, 9, 1, 4, 7, 6, 8, 1, 5, 5, 1, 4, 2, 8, 8, 7, 5, 7, 6, 2, 2, 2, 3, 4, 8, 8, 3, 6, 0, 9, 7, 7, 0, 1, 0, 4, 5, 1, 5, 3, 6, 0, 4, 1, 0, 0, 3, 6, 5, 9, 7, 3, 5, 5, 9, 9, 8, 5, 3, 3, 2, 0, 5, 8, 3, 4, 0, 2, 4, 6, 4, 3, 4, 5, 0, 5, 2, 1, 3, 1, 4, 1, 1, 7, 0, 1, 5, 2, 1, 2, 8, 7, 0, 6, 4, 8, 8, 5, 1, 8, 4, 5, 8, 7, 9, 8, 6, 0, 6, 2, 0, 7, 9, 8, 9, 5, 2, 7, 7, 9, 9, 7, 4, 3, 8, 3, 5, 6, 0, 0, 3, 0, 5, 0, 0, 4, 1, 2, 8, 4, 5, 9, 6, 3, 1, 8, 8, 4, 2, 3, 8, 9, 8, 8, 5, 0, 6, 3, 3, 7, 1, 6, 4, 1, 2, 1, 1, 6, 4, 7, 4, 8, 3, 4, 0, 5, 1, 9, 4, 5, 7, 6, 3, 7, 0, 1, 9, 7, 5, 9, 7, 4, 2, 2, 9, 0, 7, 5, 8, 3, 6, 3, 9, 6, 9, 5, 0, 1, 5, 5, 8, 3, 3, 6, 2, 6, 5, 4, 2, 0, 8, 7, 3, 7, 0, 2, 2, 3, 5, 8, 7, 3, 6, 9, 9, 7, 2, 5, 6, 3, 0, 7, 1, 1, 9, 6, 1, 1, 0, 0, 2, 9, 8, 7, 9, 3, 7, 7, 1, 3, 9, 4, 6, 1, 2, 1, 1, 8, 7, 6, 9, 2, 0, 4, 4, 8, 8, 7, 1, 3, 1, 7, 1, 8, 5, 1, 7, 0, 0, 2, 2, 6, 9, 4, 5, 9, 0, 6, 7, 7, 9, 5, 4, 7, 0, 7, 6, 8, 7, 2, 4, 6, 2, 8, 7, 5, 9, 0, 3, 9, 6, 6, 1, 9, 1, 2, 9, 8, 9, 7, 7, 8, 5, 5, 9, 7, 7, 6, 8, 1, 3, 5, 7, 9, 5, 9, 2, 1, 1, 2, 2, 4, 8, 7, 5, 8, 8, 9, 4, 9, 0, 1, 1, 8, 9, 7, 4, 2, 9, 1, 7, 0, 3, 3, 1, 7, 6, 3, 0, 6, 5, 2, 3, 5, 7, 8, 0, 9, 5, 2, 8, 1, 4, 1, 8, 2, 4, 1, 6, 2, 0, 8, 1, 0, 6, 9, 7, 7, 8, 2, 3, 2, 6, 9, 5, 7, 1, 4, 8, 1, 2, 9, 3, 4, 8, 4, 0, 8, 5, 1, 8, 1, 5, 0, 9, 0, 2, 4, 1, 1, 0, 3, 9, 2, 6, 0, 4, 6, 6, 5, 4, 0, 3, 1, 6, 6, 4, 1, 5, 7, 4, 0, 5, 4, 8, 9, 7, 0, 4, 7, 6, 3, 3, 4, 8, 8, 1, 6, 5, 9, 3, 2, 2, 1, 8, 2, 7, 6, 0, 4, 3, 0, 8, 2, 6, 2, 1, 6, 8, 8, 2, 6, 7, 3, 5, 6, 9, 1, 8, 9, 4, 6, 4, 6, 1, 4, 0, 2, 8, 8, 6, 0, 6, 5, 6, 7, 0, 3, 4, 6, 7, 4, 3, 0, 9, 2, 0, 4, 1, 2, 7, 0, 7, 0, 7, 3, 6, 3, 4, 9, 2, 4, 3, 4, 9, 6, 6, 2, 7, 8, 9, 7, 3, 3, 5, 1, 9, 6, 5, 8, 2, 0, 7, 3, 7, 6, 7, 2, 1, 0, 8, 4, 3, 2, 2, 5, 2, 3, 2, 3, 5, 0, 7, 6, 3, 7, 8, 4, 9, 6, 8, 4, 6, 7, 1, 8, 0, 8, 3, 6, 0, 2, 8, 3, 6, 1, 1, 5, 2, 7, 5, 9, 6, 1, 6, 3, 5, 1, 5, 4, 8, 9, 0, 1, 7, 1, 2, 9, 8, 3, 1, 4, 3, 5, 6, 6, 7, 3, 4, 7, 7, 4, 0, 5, 6, 6, 1, 8, 6, 2, 9, 8, 1, 8, 5, 2], "probabilities": [[0.022592419486304704, 0.027072658017720286, 0.023716142021914532, 0.017947809125539876, 0.10427574128992799, 0.05990790211155305, 0.6479339064847208, 0.013590779529546536, 0.048823692707908393, 0.03413894922486393], [0.023754419818812572, 0.033076695974179664, 0.01619193694559277, 0.10731574160095103, 0.03038720136929172, 0.09733965874554124, 0.007549406854335461, 0.04678465447065418, 0.06665954566490911, 0.5709407385557322], [0.003553050245911754, 0.038088212750398635, 0.14355724721454197, 0.5812989405322534, 0.0026506797143030884, 0.05955828959398729, 0.003442802435192459, 0.01096838652401655, 0.09312272155332467, 0.06375966943607023], [0.009140091324527554, 0.03448168862637498, 0.03591019556804433, 0.04056349600685315, 0.08055954243456082, 0.0654259143634181, 0.014218183212188396, 0.48644031725795517, 0.11101611761267882, 0.12224445359339875], [0.0034121621621621624, 0.07858046178564519, 0.5019942379474247, 0.12117860571012987, 0.003870836566345497, 0.04671660164289256, 0.06334726862579484, 0.01899977626002776, 0.11774103542918503, 0.04415901387039225], [0.0019475743917805562, 0.20523867297104595, 0.31671589140327067, 0.02993837377485654, 0.0139330833038588, 0.20220105093450186, 0.09222513907017507, 0.005789036507672288, 0.10350205687002775, 0.02850912077281044], [0.005762421118119211, 0.04329535788122503, 0.03879692303346555, 0.026054822101845093, 0.01864489799577569, 0.7297813308545951, 0.018273130713810662, 0.023126805384317935, 0.06874460011994746, 0.027519710796898203], [0.0028092127973388566, 0.07704200162868646, 0.46001969351280586, 0.18843555810034168, 0.018368489208194273, 0.033381232795140665, 0.017311425349235587, 0.0433071342829121, 0.0853043352885615, 0.07402091703678314], [0.0015083686227061908, 0.026341913801786968, 0.009629953045123357, 0.012458349187165662, 0.08714230166841914, 0.7075014362330475, 0.018755910554458646, 0.05214119330678777, 0.058066307640262604, 0.026454265940242118], [0.0012674893050227858, 0.046433878232451015, 0.36994864974961617, 0.23654088975568682, 0.009517521982921402, 0.06641588544425771, 0.024935026548588802, 0.11965982563489279, 0.06767536584237772, 0.057605467504184805], [0.014400604773102406, 0.347675950833534, 0.166770261291492, 0.15805744662300517, 0.03653358356539253, 0.01761127444742175, 0.014982782700513704, 0.1027580926895649, 0.0807003784741974, 0.060509624601776085], [0.035906227620924144, 0.10948749631650417, 0.025522520347034505, 0.031150460834725703, 0.21919392953824463, 0.05034310134144713, 0.07914050527716991, 0.10724368879254458, 0.14784689031976397, 0.19416517961164118], [0.04074478242804636, 0.026230665531814534, 0.0029221468431994747, 0.005156964656964658, 0.620806249613274, 0.03662898169861439, 0.033460518050454184, 0.1616750927125311, 0.0323145171287043, 0.04006008133639713], [0.9413958170446932, 0.0023210728660631457, 0.005353085018729264, 0.002099939135727328, 0.007573538589235053, 0.0062775744896965855, 0.007372145442570553, 0.0068678242608814785, 0.01162915104819116, 0.009109852104212246], [0.08347571517703493, 0.018422026034867832, 0.0023299101412066754, 0.006293227525576691, 0.7285058001530791, 0.022392283793091678, 0.11982439446834814, 0.008770316244881999, 0.007749167138022877, 0.0022371593238902357], [0.008719618934177222, 0.031152977001257298, 0.6185230611919296, 0.10189000445546262, 0.007843126492563354, 0.05248294961570246, 0.016461596953599177, 0.03245920352542939, 0.1156730475238551, 0.014794414306023611], [0.005489456162304401, 0.030964146619411083, 0.11101598828090008, 0.5460910948692012, 0.009752212688699304, 0.05140888626647277, 0.022270080473308047, 0.024398924883022265, 0.05987871057137848, 0.1387304991853025], [0.004940149246982801, 0.014455317842100128, 0.022393742832175666, 0.021658341217072098, 0.051541064603689, 0.012233972736577144, 0.0025508001731549307, 0.831523988791863, 0.016980816382032846, 0.021721806174352803], [0.011723341834743148, 0.10927221986262631, 0.05475424093443882, 0.1284842747278302, 0.037078737046081854, 0.06532623211622342, 0.10910212706769357, 0.07145253643451432, 0.24332109608527971, 0.1694851938905686], [0.0262120819661704, 0.057650311674492985, 0.111624246431375, 0.07074345893187087, 0.06222712628343051, 0.050006806449150905, 0.036365177158081075, 0.054981024252718974, 0.37967482484276877, 0.1505149420099403], [0.023363152713722538, 0.10982898212203976, 0.027300860253717488, 0.01139725969309679, 0.5607023018862494, 0.018296064963101585, 0.05362697299218126, 0.05732219765822274, 0.11388210557558157, 0.02428010214208691], [0.003787750252070878, 0.051391891271946835, 0.11853280465928476, 0.5722729755102843, 0.008013159020192338, 0.04900419503339263, 0.001106048703849175, 0.03386390563808818, 0.08631128828908094, 0.07571598162180995], [0.008269773126321435, 0.09557668478717771, 0.02573148326826477, 0.1280888194462262, 0.07065086747750786, 0.05872416135929176, 0.007009156407108269, 0.02806582973399802, 0.08099102755769307, 0.496892196836411], [0.021363496159897747, 0.027445672298144434, 0.01091402195038639, 0.0322749556533212, 0.043246868256980306, 0.03740145192654322, 0.012469121474166133, 0.7160055524888286, 0.0719849262232959, 0.026893933568435977], [0.024206214564685274, 0.18598819076838294, 0.028283472554262744, 0.023326802201578255, 0.04165168015482108, 0.4255312374333583, 0.09544274565464647, 0.016428939840416473, 0.12869327211869946, 0.030447444709148952], [0.009063034732551403, 0.059953213903809234, 0.06523087644731734, 0.014411595640419203, 0.019557330854872823, 0.044178620629427075, 0.7309806691187994, 0.0029058244771379732, 0.045915168622735224, 0.007803665572930461], [0.007503413469365156, 0.05975149403472251, 0.11831448116221396, 0.38109338021591965, 0.020087024508430383, 0.0377910190935115, 0.060553757000785566, 0.047473645628324936, 0.12190792109147189, 0.14552386379525445], [0.006693367961810026, 0.05148743480497456, 0.049346581663546205, 0.03585946172315266, 0.03269671533727338, 0.7181228467636818, 0.006881050998366567, 0.008948096304191076, 0.0599742096634452, 0.029990234779558426], [0.06137947066304373, 0.03445717421847918, 0.02631530919962697, 0.029373239695187077, 0.020369273636117517, 0.06526684907323323, 0.6461431377083953, 0.01802673518569931, 0.049494339490708035, 0.049174471129509685], [0.06752226229191162, 0.05685103800648086, 0.08613071936928314, 0.43702319194328937, 0.03794499751672415, 0.033408175327745156, 0.05721507059493839, 0.03164602434497458, 0.08173322489721863, 0.11052529570743415], [0.0185359242936799, 0.04093385268581658, 0.00929867843313611, 0.006022988505747126, 0.5818118751248164, 0.051271772244598834, 0.25312305804562274, 0.008336290758191, 0.02670357004452087, 0.0039619898638705775], [0.03225540875988415, 0.03616824515899779, 0.03410811084186439, 0.170474642807136, 0.020810380860154583, 0.04438308032628837, 0.05503091247959358, 0.037307938966960386, 0.07915406978637385, 0.4903072100127467], [0.0001762114537444934, 0.3352942624567905, 0.15141931423944438, 0.10706542777117506, 0.02220053311455816, 0.026211657245423042, 0.1413049046340105, 0.03466789624638609, 0.14910466192540556, 0.03255513091306227], [0.034678538826694076, 0.019336473635051067, 0.002836239255130726, 0.0004878048780487805, 0.7660232924177433, 0.01024604447523999, 0.13893826696375583, 0.009468755017570284, 0.011327198931189013, 0.006657385599577143], [0.014175314941495492, 0.029202253659168717, 0.012041079039473695, 0.01848450162626601, 0.644349554304481, 0.04819303127190827, 0.041697011700287535, 0.0692162686214601, 0.04475727034646149, 0.0778837144889978], [0.005737681466653067, 0.07345404948334332, 0.015347611711700949, 0.013239883711764287, 0.05337618121058993, 0.029887243347208128, 0.7210417621308122, 0.004301863196304351, 0.06702595867757129, 0.016587765064052597], [0.03991607465468752, 0.04596647140166761, 0.05630476716034271, 0.13940785563429572, 0.011934936419141548, 0.08941098221667902, 0.021969321372124425, 0.020651331981842724, 0.08242857147025813, 0.49200968768896075], [0.024629047388201722, 0.0197274806466279, 0.00443635482004879, 0.0011413277328142608, 0.816185570103865, 0.010351365820490248, 0.027664572506469174, 0.06697364433929978, 0.0178871371003677, 0.01100349954181544], [0.02983624957284351, 0.06472843830854905, 0.05312955507281813, 0.0496036795023107, 0.04025447711551204, 0.030240956993316814, 0.016783993783993784, 0.5726398929548802, 0.1122132092444848, 0.03056954745129102], [0.008790141876136819, 0.030292878992833644, 0.008527071267747745, 0.007708321255046148, 0.031153432167939695, 0.025469285877424398, 0.8607700244203964, 0.002179564916101569, 0.021774942466706294, 0.0033343367596671562], [0.009830921145858993, 0.03052344618673691, 0.02191898238681318, 0.017754826669399527, 0.050907273634856434, 0.039474553783467876, 0.7503772198566364, 0.013038506847643882, 0.042830874331722876, 0.02334339515686404], [0.019524000029702133, 0.04256705308936207, 0.042565343234582935, 0.2600388835515852, 0.02299280463637686, 0.03285203672330329, 0.017788165063228733, 0.02285220049088926, 0.0546478917399492, 0.48417162144102044], [0.002978035119173342, 0.33165213147958106, 0.08626619656523361, 0.038772695082264184, 0.044564811004199914, 0.10670126419250556, 0.16705718929141533, 0.0455570678330329, 0.14770476996625873, 0.028745839466335247], [0.06024372240777764, 0.0117919870278284, 0.08125867938017166, 0.5406795571852444, 0.007418106539423642, 0.036721361309671796, 0.021994377168582543, 0.01936061253758455, 0.10444018183304468, 0.1160914146106708], [0.01101164224960503, 0.07080264274189753, 0.07354370303269973, 0.02367295051269204, 0.10966810342551382, 0.06783264533187464, 0.5749745457056898, 0.01048855489324191, 0.05104044771752467, 0.006964764389260834], [0.0036697019241073935, 0.5243272811995326, 0.04557701752408689, 0.033507606154247915, 0.043284223007641176, 0.05089632377324245, 0.024037071672365008, 0.027591707777003996, 0.1835894428052692, 0.06351962416250317], [0.0023030502459117537, 0.08195518908904678, 0.1298718543375118, 0.5230991265766525, 0.003223466404736838, 0.06170836881759592, 0.010297347889737914, 0.012371535662459805, 0.10992261120615548, 0.06524744977019119], [0.8909868250667582, 0.004782611327601607, 0.006246247411891658, 0.003097286615833429, 0.0067275705476148384, 0.02884486951351335, 0.004737512962338485, 0.010252439645496863, 0.023788744328474096, 0.02053589258047761], [0.030906600819264628, 0.02382140626921877, 0.0060404492899084105, 0.018599762956419352, 0.020871991326317785, 0.039170664413084116, 0.80996190390113, 0.007429522973977166, 0.023758202560853883, 0.019439495489825886], [0.003533898776025053, 0.03736345244659284, 0.043030372000000205, 0.07227079745727759, 0.02649509777467796, 0.634993724952157, 0.03090792174018534, 0.013830227370794996, 0.08316644415858394, 0.054408063323705], [0.026432590095209305, 0.23993429076668263, 0.030075207284275342, 0.06469381842025085, 0.02736718518376686, 0.3551950930602276, 0.04548953977412682, 0.022975165309603175, 0.10729772307336662, 0.0805393870324908], [0.004829793941474741, 0.4767731625587441, 0.08954568904724006, 0.03834619422501798, 0.05480007939668414, 0.03067737290702307, 0.02892500519681994, 0.038558703457483315, 0.19681992536462237, 0.040724073904890294], [0.012505437006114416, 0.08001535300554145, 0.08373931885174338, 0.1581582409909948, 0.0518913632846994, 0.10168526964506759, 0.13143509542527823, 0.0640294635018961, 0.09964917779532695, 0.21689128049333767], [0.0021305803220993107, 0.044743369328478506, 0.04726772956193424, 0.032810562424441, 0.01830853469947524, 0.7089918662686086, 0.023124498186217014, 0.009842690245725184, 0.07965792122786344, 0.033122247735157505], [0.04558611766385961, 0.03050561844263687, 0.012929958632964887, 0.021175573329178427, 0.06299365214280024, 0.05941833246108628, 0.6351824047536727, 0.014483909795764473, 0.06747231949180882, 0.050252113286227626], [0.9467441477376463, 0.0028338933788836585, 0.0019665344623673872, 0.001835401157981803, 0.005615937449387898, 0.004297809655132736, 0.010391013367098856, 0.001948923234731197, 0.004814056708568517, 0.01955228284820164], [0.021745528537820705, 0.10351344480995445, 0.02914566661006195, 0.31541067609387013, 0.02640294474245231, 0.08209030121777396, 0.05623625188965197, 0.022437848583194645, 0.05467340322110796, 0.288343934294112], [0.6190881292156972, 0.01982631018193876, 0.04493623742862939, 0.002099939135727328, 0.18827144427031675, 0.00970706377678081, 0.019203521959852737, 0.06079459806089247, 0.030775025078073427, 0.0052977308920910335], [0.9247793799499544, 0.0028338933788836585, 0.0029772871505394298, 0.02151282051282051, 0.006892533194068748, 0.004297809655132736, 0.010391013367098856, 0.001948923234731197, 0.004814056708568517, 0.01955228284820164], [0.005194870010131548, 0.5472270834707801, 0.044772208870729024, 0.0390749855765553, 0.06540827655679685, 0.07177462944579721, 0.026437216934165425, 0.031948911635635985, 0.09985431382848947, 0.06830750367091888], [0.5615528200371162, 0.012960066249539935, 0.04758127862475688, 0.015594656239817529, 0.06998384206973765, 0.04245677036437906, 0.002194330060183719, 0.14913309548166107, 0.042822100576031336, 0.055721040296776624], [0.02455480238943557, 0.05853570512517491, 0.010448503842629136, 0.004774568740180258, 0.7359264954086823, 0.010445799745577473, 0.043310682711742536, 0.03320704286991108, 0.0588222629040115, 0.019974136262655234], [0.013587120830092426, 0.10045088226324485, 0.05978339507372464, 0.06811984236802221, 0.03035808691780961, 0.2852044532992045, 0.03395974176346274, 0.047104456507862096, 0.19313034293381254, 0.16830167804276436], [0.0019475743917805562, 0.10261772722165524, 0.44746338862662477, 0.08353024088597544, 0.01517105628747016, 0.11995372817894834, 0.07037899697395796, 0.01143017837238982, 0.11749583217915543, 0.030011276882042394], [0.006278405047717268, 0.1199790883009347, 0.017993463793411015, 0.008926311129286438, 0.5075150413814065, 0.07031994594418317, 0.20655447184190742, 0.02067756361744972, 0.036499108344499966, 0.005256600599203881], [0.011606153900740492, 0.038121923623059065, 0.033562134720974204, 0.10987019288087164, 0.009200879803369455, 0.5198076028608594, 0.05988787829073052, 0.012499088482472609, 0.0430397057587806, 0.16240443967814208], [0.00823755956306333, 0.05908352457996947, 0.022204983317330562, 0.015187238904309642, 0.0813698436418483, 0.046148172188584136, 0.023129799774458615, 0.6640177297205764, 0.054241810277033585, 0.026379338032825755], [0.8140472885066434, 0.025246072866063146, 0.008234037399681645, 0.01627340852348243, 0.025590135644236452, 0.004729112465824725, 0.021408651013502356, 0.01253050775533189, 0.03455431541349018, 0.0373864704117439], [0.003515182262569022, 0.007607096429132479, 0.003291522291522292, 0.006131005795806555, 0.17169657339764313, 0.040215975377556, 0.005529162592107725, 0.7280588569424578, 0.025602409658449742, 0.008352215252755217], [0.025802244779217904, 0.1159807931505056, 0.013001023865233975, 0.05263174321051803, 0.0796803689438304, 0.2881862776630656, 0.14633508174709448, 0.03711433690508334, 0.0845629330934929, 0.1567051966419577], [0.04117567419640877, 0.034459903389413765, 0.0181798129639065, 0.11835758502877937, 0.01816598501200236, 0.07378927059613971, 0.027768083724140684, 0.04889589540147011, 0.08459078988692866, 0.5346169998008101], [0.02056797475604025, 0.05819563862703683, 0.07101385228473764, 0.11931198825826547, 0.014052743997306256, 0.2756747124294826, 0.0800630357316958, 0.03015633964610174, 0.050686704093140536, 0.28027701017619294], [0.0089184213665749, 0.06138377337491776, 0.03297991784005479, 0.08575256640291386, 0.02289545148348668, 0.36736633841213645, 0.17080530984057268, 0.0365687365820705, 0.06379780006179463, 0.14953168463547778], [0.09094906269972619, 0.005093907983269685, 0.0021486633933442446, 0.005399095022624435, 0.3941899859322044, 0.04321613317932568, 0.05341567618231044, 0.32186896183761, 0.02279442892603537, 0.06092408484354954], [0.008327866274092153, 0.012758687833436831, 0.01770225513975514, 0.020794756471567904, 0.025837452238532514, 0.02139823453485161, 0.0019031226126814363, 0.7795807595550347, 0.027455191500392318, 0.08424167383965551], [0.9423950293611988, 0.0021210728660631456, 0.0014537139495468742, 0.00642462146148782, 0.0073550678841705075, 0.005906505307306648, 0.009791013367098856, 0.0025611681326903803, 0.00522221997387464, 0.01676958769656239], [0.034422720723619175, 0.12199915668904432, 0.02727359385755982, 0.028561356936822234, 0.25441260813386346, 0.04797458502391331, 0.10300331636664996, 0.21092739466651644, 0.107704729031943, 0.0637205385700683], [0.0022821458255112815, 0.05211565993186173, 0.07973143986846053, 0.009173051089389333, 0.06014596752724474, 0.620244159512953, 0.026200373050071807, 0.057141401431136066, 0.07183451489487654, 0.021131286868494956], [0.12387800526338542, 0.0207138136212993, 0.018179628806063473, 0.04889964248826665, 0.0256863322147821, 0.25411130094007134, 0.0448501325702209, 0.023585416181425258, 0.032404556326442034, 0.40769117158804363], [0.046416249689902794, 0.015113066473375698, 0.05458576314177059, 0.17055007571710398, 0.014842249962031944, 0.07613796802879727, 0.003117408906882591, 0.022582704459743995, 0.03091024456927524, 0.5657442690511157], [0.066443774935959, 0.05625142298159953, 0.027781194596418604, 0.09908545608493619, 0.020308495696490226, 0.0806451438316623, 0.02233182908472174, 0.04947067948486346, 0.12242792049439288, 0.45525408280895596], [0.45962744809321926, 0.07527411106664186, 0.05932629264653496, 0.03752866600043878, 0.06071147412650072, 0.03628583696009464, 0.036050890924863375, 0.039692920016022336, 0.13673247929319654, 0.05876988087248741], [0.0, 0.046170458545608126, 0.7790238679329725, 0.05354683682229853, 0.004952211082591025, 0.040624659977721356, 0.02002083604574206, 0.008866836940200701, 0.02976648835127889, 0.01702780430158662], [0.017714441981394186, 0.0550082790823389, 0.13360397576085375, 0.41342448751031485, 0.01237582494597522, 0.05150317380901566, 0.0018730941583946297, 0.07601027306512426, 0.11543205080731284, 0.12305439887927577], [0.030619592883624046, 0.07933791522640765, 0.10203282387847136, 0.04531906875870508, 0.040139787741294244, 0.051277143470006135, 0.12191695526627316, 0.022088038280762622, 0.4192393649012828, 0.08802930959317289], [0.9698499048735921, 0.0015663558849310702, 0.0014537139495468742, 0.0017225806451612905, 0.0033517865059916724, 0.0031657341834346224, 0.007372145442570553, 0.001948923234731197, 0.0037046227463043663, 0.005864232533736236], [0.009830921145858993, 0.034415884724565526, 0.024119418116660674, 0.017754826669399527, 0.038948563410121186, 0.04206714637606048, 0.7596510454105833, 0.009509095082937999, 0.04209955477687391, 0.021603544286938607], [0.014627858790893587, 0.04480611028292831, 0.006750473449956893, 0.0035487351402216684, 0.7583782969017325, 0.011308679065939091, 0.03730285759289779, 0.049046710972442085, 0.04246385667708728, 0.03176642112590085], [0.03300310236492676, 0.025079198533451596, 0.0025469510781358684, 0.005981634101272404, 0.7584778584921625, 0.0142254186410547, 0.08061990012318683, 0.06529401219508622, 0.008297263830203773, 0.006474660640519416], [0.011793584624034521, 0.09267598279341613, 0.04925591647328381, 0.2640345119093943, 0.01242977942629283, 0.020099575550857667, 0.0045706150456787135, 0.028049818850272325, 0.0506609430268333, 0.46642927229993647], [0.0031897582224888147, 0.525332256045493, 0.04667393551967486, 0.03387150388478724, 0.05062766923110765, 0.09571973429899482, 0.031975297960941, 0.023863670829328186, 0.12645581969765007, 0.06229035430953433], [0.0014789823008849556, 0.049162367124331224, 0.6756403218962421, 0.08405345414707394, 0.005885457416078594, 0.02217464650108534, 0.0068899172701032164, 0.023747160395570333, 0.07897162621714088, 0.05199606673148931], [0.010977363369601154, 0.13782487016976963, 0.09709237446698449, 0.12309861094323368, 0.04818765453685167, 0.01260661335526149, 0.056914209850339306, 0.05159928246579695, 0.41422948092383144, 0.04746953991833016], [0.0026093930259387444, 0.02722146240794983, 0.06400722580350997, 0.6389836072418307, 0.016645113547117403, 0.03823598104559871, 0.01995973564572184, 0.05432030960482784, 0.05174242551014588, 0.08627474616735899], [0.09119860716515134, 0.029675583514762606, 0.06053237287877169, 0.09930204464039327, 0.003655407808349226, 0.28506066110738504, 0.03310218591284104, 0.016445573853281947, 0.06128916855091515, 0.3197383945681487], [0.009342311233885818, 0.13829781722197002, 0.41726914586663744, 0.13755034816196854, 0.01683805210789617, 0.04156485700639378, 0.05710126041476284, 0.02805481175389195, 0.09850301167348087, 0.05547838455911259], [0.07932217464470764, 0.07780553834663126, 0.06359146377775989, 0.13283561923550166, 0.01660493358738998, 0.1445580782825281, 0.01744661604594331, 0.018325185707820227, 0.16225137333325979, 0.28725901703845813], [0.2598977965244227, 0.08941036330614331, 0.03139432854932341, 0.0023327697983813156, 0.4162032383621706, 0.01279169762752018, 0.04210963225039916, 0.051160866388445914, 0.060128813721915295, 0.03457049347127803], [0.008998530399718312, 0.03394099194871048, 0.007813268390059825, 0.011798907913138076, 0.5522438995899644, 0.11830505971465623, 0.11688043197094344, 0.052443474170360466, 0.03652271084498962, 0.06105272505745887], [0.0511656171424131, 0.010430041319782323, 0.001935897435897436, 0.003719778134578894, 0.29375163083288186, 0.07138357049163657, 0.0467545928239236, 0.44225388314324027, 0.05485934142146307, 0.02374564725418278], [0.054463430355493614, 0.19507176513603727, 0.008422242338897847, 0.008547230873719603, 0.4267327346336767, 0.04089021538352497, 0.061428099199854466, 0.12021148532195308, 0.05961213144679993, 0.024620665310042457], [0.009583752000297718, 0.016541647679466795, 0.0498825707137459, 0.6921419472902826, 0.002566868202835135, 0.050536282240044146, 0.004225392919899497, 0.013376568700578961, 0.03486792875603797, 0.1262770414968113], [0.0560952725968761, 0.0377366405559733, 0.011104167082690027, 0.055457007517417445, 0.19105119075499405, 0.25203620462537285, 0.008783109707971587, 0.10359309261750875, 0.08024688602963607, 0.2038964285115597], [0.014111829831655416, 0.13456077926234364, 0.18661621447017684, 0.3153639908080035, 0.012804161979614447, 0.026047006877583195, 0.009329831606210537, 0.054707438069583406, 0.12927055435982399, 0.11718819273500498], [0.03698969177550576, 0.5263260681840776, 0.01930656800085205, 0.025271886336832094, 0.06266895517579257, 0.02575118030764277, 0.025898687714285214, 0.05457464781900421, 0.08275822182849275, 0.14045409285751478], [0.008854474445956181, 0.1686890910756425, 0.13210338629157314, 0.23122558147354316, 0.037367968707055145, 0.09089214471589306, 0.006602507645218034, 0.06225979105762105, 0.18915896508575775, 0.07284608950174], [0.0008187134502923977, 0.03110817484589616, 0.008707588674483124, 0.01098380577831616, 0.08571133288613947, 0.7356415129205007, 0.014956885730542002, 0.054012004387863174, 0.0384550485257459, 0.01960493280022091], [0.017488259652130755, 0.1863205347223994, 0.03311328478229975, 0.022529894489967034, 0.053676537695600386, 0.031023606838017394, 0.018610610998939184, 0.13607433316284787, 0.17085376002858768, 0.33030917762921064], [0.013760151969222584, 0.0743089915557152, 0.012449584671422344, 0.00816391046062257, 0.717792288526147, 0.027314363093130324, 0.023232950636987312, 0.036953139221529485, 0.06926293208772898, 0.016761687777494236], [0.003590768511533721, 0.11858847414347917, 0.47893468103461456, 0.08598613487654241, 0.018467660247969087, 0.050289032611442, 0.028346239957923503, 0.01810575574726753, 0.1502285857008123, 0.0474626671684158], [0.010970600198568405, 0.020039579146575393, 0.03529544824534099, 0.07874311727209714, 0.05516092913762412, 0.020940154082291374, 0.011819482510286838, 0.6130670393691494, 0.059087121250894416, 0.09487652878717183], [0.006903693066347516, 0.008758641309542025, 0.009635045722114688, 0.007346183913084428, 0.0360677534027071, 0.0074529730969431105, 0.004135769499535775, 0.8658017475568595, 0.03945021147022285, 0.014447980962643315], [0.016989853249007578, 0.024381264865629512, 0.007769688153382122, 0.003423379014865543, 0.6925662764363532, 0.027738041965756858, 0.048061914193155614, 0.099515040365593, 0.04189754215425102, 0.03765699960200564], [0.007816436856953678, 0.04767373937030366, 0.007883597883597883, 0.004251976094081357, 0.647169914344789, 0.03920459939578944, 0.19665452954749682, 0.023127191561406274, 0.016879272768665708, 0.009338742176916213], [0.009253568361929206, 0.5638586363792507, 0.041548268819898856, 0.017952902943555598, 0.11970067395779065, 0.026264920702955538, 0.03368613790702121, 0.02808211883200576, 0.10855162645509082, 0.05110114564050166], [0.03975091359798754, 0.022286265689413075, 0.05047314301563916, 0.11117092787507302, 0.0034654748872729167, 0.01915185097463785, 0.0015789473684210526, 0.013188648635308425, 0.029678530608556936, 0.70925529734769], [0.02015283561454776, 0.17533873660310223, 0.2980281054634666, 0.042759670951112626, 0.06709208854233846, 0.006991113713656397, 0.03683524458835976, 0.11155012674129262, 0.1964518362637448, 0.04480024151837891], [0.0050087323415000315, 0.10858077325169413, 0.09082411227934578, 0.06441936818797686, 0.0314052198505213, 0.054857725997425624, 0.0008898878898878901, 0.5201763784742154, 0.09762412712282728, 0.026213674604605594], [0.09525194586605941, 0.05007999364931345, 0.08329381625721904, 0.08330403215598993, 0.04864777991948877, 0.060825462035901424, 0.06284810007674059, 0.04049604985512558, 0.3374921253619001, 0.13776069482226164], [0.028365926233945436, 0.08369180633106023, 0.013966440242702176, 0.04132653061168816, 0.07223862020301616, 0.03485989345149952, 0.004745492792748786, 0.576946522771454, 0.09735953410948209, 0.0464992332524034], [0.004470799640610962, 0.03852536895946787, 0.7032832018090031, 0.11010553871892519, 0.003452997476003183, 0.029551789119120334, 0.009017233945077748, 0.016623710366860726, 0.054162038080172926, 0.030807321884758015], [0.008340172919738747, 0.03719903883748914, 0.04101860935649428, 0.010272328136337477, 0.024578580365880995, 0.06191298448032633, 0.7190911793955428, 0.007549677538286015, 0.059930417006471275, 0.03010701196343284], [0.016455530944541174, 0.03173597839863791, 0.021794400676996874, 0.11968252132527743, 0.07531083020484265, 0.09596129496364787, 0.01460380356500071, 0.04511369953651925, 0.07189345193059514, 0.5074484884539409], [0.034349265326254035, 0.06527767513492115, 0.01256972821881462, 0.03720353069397978, 0.42001190215227624, 0.06753391875269449, 0.15231890976099188, 0.0450471808155826, 0.041055366541650005, 0.12463252260283512], [0.49724301421610945, 0.010600623489985193, 0.05451567613375015, 0.03860723666071714, 0.08693760904770079, 0.05614585152791367, 0.09779086242258586, 0.045805694034962326, 0.04224198391042641, 0.07011144855584892], [0.021941391941391945, 0.0479539189554166, 0.021247954927115616, 0.03372582851528222, 0.024476266533601736, 0.1238439633947274, 0.027606031479034003, 0.6506081357118332, 0.0080053744779988, 0.04059113406359847], [0.043352841444270006, 0.05798187177943472, 0.4655907603179382, 0.12244166787996226, 0.003114301941105535, 0.10313352054517738, 0.019519454328378216, 0.02798726929035321, 0.10390864323553842, 0.052969669237841896], [0.00658328047854817, 0.03937350078098687, 0.021229849378938112, 0.029443582724796538, 0.023940593752683568, 0.011576826045414025, 0.008682884722412142, 0.7909141058078865, 0.040162655642049086, 0.028092720666284925], [0.0009834445268099828, 0.03231217043324307, 0.009900472937379171, 0.009975728587284655, 0.015921307099707915, 0.8425819722039243, 0.006320634386772288, 0.020490954250483497, 0.040931179043562714, 0.020582136530832296], [0.03185009742819106, 0.18732230968508534, 0.13490158400765576, 0.09046323234967002, 0.10963847818220594, 0.015320332733145852, 0.05786080352072529, 0.06983945851692845, 0.25306783941985134, 0.04973586415654094], [0.0577814235400885, 0.006789373244765402, 0.004838025335200477, 0.03171197328002263, 0.10661712916018812, 0.061143300642782596, 0.03241172270510729, 0.6275871296778643, 0.0563246570835453, 0.014795265330435348], [0.0035194595161055463, 0.032730254782907565, 0.060525464887776395, 0.09618065752434993, 0.056701849063077195, 0.5389517273285007, 0.011937747766705656, 0.04464750614007668, 0.11049462236140307, 0.04431071062909723], [0.005215224922992613, 0.03621994616693255, 0.03849042369751955, 0.019607005540242754, 0.051792282620883014, 0.03273538596054836, 0.014099466370140718, 0.6733475718765088, 0.05491746756341567, 0.07357522528081598], [0.005191474893043845, 0.094220070800006, 0.05136894116763304, 0.0695410000766542, 0.08282686474735504, 0.17452081817073836, 0.0075661693098558755, 0.1529992333531828, 0.18837725675852837, 0.1733881707230023], [0.8956187462856359, 0.0027655173105075904, 0.005353085018729264, 0.0027895943081411214, 0.02757353858923506, 0.0062775744896965855, 0.0074647856896112134, 0.0068678242608814785, 0.01680156484129461, 0.028487769206267277], [0.008030108477158187, 0.04319312827675031, 0.01920166269948823, 0.013572300583657028, 0.04420611350594829, 0.033512089531847006, 0.7685505028652264, 0.014874938868566185, 0.02848213916449321, 0.026377016026865242], [0.008879974623261783, 0.061874474190782125, 0.07117708816100436, 0.03237929911105619, 0.020496120392298738, 0.037786686729164555, 0.6811062026742419, 0.002554947284155517, 0.07493072994369404, 0.00881447689034078], [0.021168374430055467, 0.03163816287274345, 0.01044475884795855, 0.006355110131973918, 0.7371388388949461, 0.029428554996598036, 0.027440767412566097, 0.034571193621165536, 0.045371578277531556, 0.05644266051446122], [0.00749402758946497, 0.09461849824022459, 0.6054026247220297, 0.06534361549728138, 0.014364004347572828, 0.024008111472722127, 0.022649350196673912, 0.025797036161832602, 0.11640546270905393, 0.023917269063143908], [0.023650134336477165, 0.0956716113304197, 0.06313358164872485, 0.029952334827938062, 0.059887294248188526, 0.09173179117887852, 0.02217193421415931, 0.09785584103878858, 0.45352649155795627, 0.06241898561846895], [0.8777250648567316, 0.009115697990194226, 0.013141213949546872, 0.00200679117147708, 0.03161446301433571, 0.01502677884053191, 0.012751724927280278, 0.002535813478633636, 0.011017342044549981, 0.025065109726718694], [0.02568545916670227, 0.045852302652247844, 0.015688338989343947, 0.17270265799282505, 0.010400611776326856, 0.06642675985040533, 0.00949804529599716, 0.01868987291122357, 0.06301787674841725, 0.5720380746165108], [0.07646410406069883, 0.06367698799612627, 0.005024074118294404, 0.004213876752422105, 0.6231825146239085, 0.01550039647214577, 0.02736177131946675, 0.11917636058184186, 0.045456958406554906, 0.01994295566854052], [0.06519444515024048, 0.03417972878100632, 0.008665377027491672, 0.003476365386247592, 0.0584611485720013, 0.049780666658122155, 0.6723687514963879, 0.010278157391765868, 0.04678172782380177, 0.05081363171293495], [0.03736509038245535, 0.09656546205150894, 0.061690205566275774, 0.05137914032471293, 0.07029913513378579, 0.0750200990312129, 0.007590785782895079, 0.0435004992567141, 0.23072081367728253, 0.3258687687931566], [0.05006488115918218, 0.08070855087422656, 0.01615013115238316, 0.040218740976900175, 0.13040310410162684, 0.0674364594622191, 0.02624243153643289, 0.09282769560091507, 0.07910470672882361, 0.4168432984072904], [0.06712671943067844, 0.02399305873365929, 0.012721492420287847, 0.028351143968793346, 0.027346463072092268, 0.06614707557248561, 0.6922547518262803, 0.011502039318360626, 0.04172307796082271, 0.02883417769653957], [0.03060193359039431, 0.021669739700673606, 0.03741731477418021, 0.1250654615238159, 0.002562697109495139, 0.01859366041856197, 0.006984524129758958, 0.008244026662350728, 0.02918559624172846, 0.7196750458490407], [0.8902328873593832, 0.004943783488773768, 0.0029772871505394298, 0.001512820512820513, 0.029088985580941355, 0.004297809655132736, 0.024683696293928126, 0.01789639040171056, 0.004814056708568517, 0.01955228284820164], [0.023920027709650352, 0.20969902575633678, 0.026316140911494083, 0.18526757853133943, 0.028300734882990675, 0.20703403178427263, 0.08451035584481179, 0.03410098860779233, 0.055519391802302476, 0.14533172416900947], [0.010663777871757596, 0.03290905903671641, 0.02000869175685324, 0.1473858311942763, 0.012992037780135945, 0.4150708806014451, 0.10744559492962036, 0.013564200299486297, 0.07179313666405494, 0.1681667898656537], [0.010201679119958486, 0.05822075366525104, 0.018274259246677783, 0.006667986399642798, 0.06254573088451601, 0.035022930565841326, 0.7639726845055609, 0.004570887367800436, 0.033509823290280245, 0.007013264954471105], [0.04178982808558558, 0.05896049461850485, 0.01666237392972048, 0.015596798693754174, 0.034198774145331755, 0.03301471697101442, 0.7039702904346689, 0.013280879049296819, 0.05976576583438281, 0.022760078237740445], [0.6970836835363841, 0.004470495284856987, 0.005921731594983874, 0.06212115384615384, 0.006679869913494927, 0.05324748189308931, 0.023806752921010838, 0.029100290360046462, 0.060094761048479925, 0.05747377960149989], [0.00925582957076742, 0.05311650347651551, 0.027273083542599802, 0.03275275627602479, 0.02770812540194637, 0.04539789962270824, 0.731801706637593, 0.01074719032103324, 0.04007213933178205, 0.021874765819029696], [0.0812050212713928, 0.02481941162938779, 0.004500739774301586, 0.00361715247816479, 0.6658292518988282, 0.022027414311097025, 0.020668569619919995, 0.1335941225171708, 0.0328651838027648, 0.010873132696972054], [0.004784421352767398, 0.08297329285842657, 0.24198448618644514, 0.20993430832225038, 0.039226908854841584, 0.0413435931633127, 0.061164317750741944, 0.09323763857371573, 0.14392934390679987, 0.08142168903069878], [0.021487189844379192, 0.06450006649020654, 0.037854883264381654, 0.2117483605773208, 0.006046333268428224, 0.09247979930946106, 0.02848238569390289, 0.012111204088581757, 0.06270599782707617, 0.4625837796362618], [0.002751123090745732, 0.0542376879455581, 0.04955886573806913, 0.6758630553216954, 0.004823115910051272, 0.04903684465836825, 0.015757581102329953, 0.01788685502241542, 0.04281576910070016, 0.08726910211006642], [0.00451637786370998, 0.09770198870362251, 0.058423166057849904, 0.05488398986800776, 0.08574489809314902, 0.1296411083368834, 0.01930936111547189, 0.23679642993447256, 0.24421234400691222, 0.06877033601992072], [0.011773685663929567, 0.012508089884240093, 0.0060094710094710105, 0.005823313488114248, 0.09009049753862626, 0.0224127160